Device:Moto G (5) Plus
NeuralNetworks API enabled:false
Input image size: 320x320

TfMobile
47.0  2298.0
23.0  2272.0
7.0  2252.0
48.0  2264.0
32.0  2264.0
31.0  2253.0
42.0  2261.0
39.0  2254.0
0.0  2260.0
26.0  2245.0
49.0  2256.0
2.0  2252.0
44.0  2268.0
27.0  2255.0
37.0  2259.0
8.0  2268.0
19.0  2255.0
22.0  2264.0
46.0  2250.0
18.0  2267.0
38.0  2255.0
4.0  2265.0
6.0  2260.0
1.0  2264.0
21.0  2254.0
36.0  2255.0
13.0  2262.0
20.0  2266.0
15.0  2263.0
10.0  2275.0
12.0  2256.0
17.0  2256.0
14.0  2258.0
35.0  2252.0
30.0  2260.0
11.0  2261.0
41.0  2256.0
3.0  2254.0
34.0  2256.0
25.0  2270.0
29.0  2254.0
5.0  2244.0
43.0  2263.0
45.0  2261.0
16.0  2267.0
33.0  2251.0
24.0  2249.0
40.0  2255.0
9.0  2261.0
28.0  2260.0
21.0  2258.0
7.0  2260.0
42.0  2280.0
13.0  2253.0
1.0  2259.0
6.0  2248.0
2.0  2250.0
18.0  2255.0
33.0  2251.0
5.0  2264.0
24.0  2260.0
28.0  2260.0
19.0  2252.0
44.0  2262.0
11.0  2251.0
23.0  2248.0
10.0  2256.0
4.0  2266.0
14.0  2244.0
48.0  2257.0
45.0  2256.0
37.0  2250.0
30.0  2258.0
25.0  2257.0
27.0  2249.0
9.0  2255.0
3.0  2256.0
32.0  2266.0
46.0  2248.0
38.0  2253.0
22.0  2256.0
34.0  2248.0
47.0  2265.0
31.0  2252.0
15.0  2260.0
20.0  2249.0
39.0  2249.0
26.0  2267.0
16.0  2264.0
43.0  2273.0
41.0  2261.0
36.0  2259.0
0.0  2261.0
17.0  2255.0
12.0  2248.0
29.0  2257.0
8.0  2253.0
35.0  2253.0
49.0  2263.0
40.0  2250.0
47.0  2298.0
23.0  2272.0
7.0  2252.0
48.0  2264.0
32.0  2264.0
31.0  2253.0
42.0  2261.0
39.0  2254.0
0.0  2260.0
26.0  2245.0
49.0  2256.0
2.0  2252.0
44.0  2268.0
27.0  2255.0
37.0  2259.0
8.0  2268.0
19.0  2255.0
22.0  2264.0
46.0  2250.0
18.0  2267.0
38.0  2255.0
4.0  2265.0
6.0  2260.0
1.0  2264.0
21.0  2254.0
36.0  2255.0
13.0  2262.0
20.0  2266.0
15.0  2263.0
10.0  2275.0
12.0  2256.0
17.0  2256.0
14.0  2258.0
35.0  2252.0
30.0  2260.0
11.0  2261.0
41.0  2256.0
3.0  2254.0
34.0  2256.0
25.0  2270.0
29.0  2254.0
5.0  2244.0
43.0  2263.0
45.0  2261.0
16.0  2267.0
33.0  2251.0
24.0  2249.0
40.0  2255.0
9.0  2261.0
28.0  2260.0
47.0  2298.0
23.0  2272.0
7.0  2252.0
48.0  2264.0
32.0  2264.0
31.0  2253.0
42.0  2261.0
39.0  2254.0
0.0  2260.0
26.0  2245.0
49.0  2256.0
2.0  2252.0
44.0  2268.0
27.0  2255.0
37.0  2259.0
8.0  2268.0
19.0  2255.0
22.0  2264.0
46.0  2250.0
18.0  2267.0
38.0  2255.0
4.0  2265.0
6.0  2260.0
1.0  2264.0
21.0  2254.0
36.0  2255.0
13.0  2262.0
20.0  2266.0
15.0  2263.0
10.0  2275.0
12.0  2256.0
17.0  2256.0
14.0  2258.0
35.0  2252.0
30.0  2260.0
11.0  2261.0
41.0  2256.0
3.0  2254.0
34.0  2256.0
25.0  2270.0
29.0  2254.0
5.0  2244.0
43.0  2263.0
45.0  2261.0
16.0  2267.0
33.0  2251.0
24.0  2249.0
40.0  2255.0
9.0  2261.0
28.0  2260.0
21.0  2258.0
7.0  2260.0
42.0  2280.0
13.0  2253.0
1.0  2259.0
6.0  2248.0
2.0  2250.0
18.0  2255.0
33.0  2251.0
5.0  2264.0
24.0  2260.0
28.0  2260.0
19.0  2252.0
44.0  2262.0
11.0  2251.0
23.0  2248.0
10.0  2256.0
4.0  2266.0
14.0  2244.0
48.0  2257.0
45.0  2256.0
37.0  2250.0
30.0  2258.0
25.0  2257.0
27.0  2249.0
9.0  2255.0
3.0  2256.0
32.0  2266.0
46.0  2248.0
38.0  2253.0
22.0  2256.0
34.0  2248.0
47.0  2265.0
31.0  2252.0
15.0  2260.0
20.0  2249.0
39.0  2249.0
26.0  2267.0
16.0  2264.0
43.0  2273.0
41.0  2261.0
36.0  2259.0
0.0  2261.0
17.0  2255.0
12.0  2248.0
29.0  2257.0
8.0  2253.0
35.0  2253.0
49.0  2263.0
40.0  2250.0
47.0  2298.0
23.0  2272.0
7.0  2252.0
48.0  2264.0
32.0  2264.0
31.0  2253.0
42.0  2261.0
39.0  2254.0
0.0  2260.0
26.0  2245.0
49.0  2256.0
2.0  2252.0
44.0  2268.0
27.0  2255.0
37.0  2259.0
8.0  2268.0
19.0  2255.0
22.0  2264.0
46.0  2250.0
18.0  2267.0
38.0  2255.0
4.0  2265.0
6.0  2260.0
1.0  2264.0
21.0  2254.0
36.0  2255.0
13.0  2262.0
20.0  2266.0
15.0  2263.0
10.0  2275.0
12.0  2256.0
17.0  2256.0
14.0  2258.0
35.0  2252.0
30.0  2260.0
11.0  2261.0
41.0  2256.0
3.0  2254.0
34.0  2256.0
25.0  2270.0
29.0  2254.0
5.0  2244.0
43.0  2263.0
45.0  2261.0
16.0  2267.0
33.0  2251.0
24.0  2249.0
40.0  2255.0
9.0  2261.0
28.0  2260.0


TfLite
47.0  4651.0
23.0  4519.0
7.0  4549.0
48.0  4545.0
32.0  4536.0
31.0  4550.0
42.0  4533.0
39.0  4527.0
0.0  4526.0
26.0  4547.0
49.0  4530.0
2.0  4556.0
44.0  4531.0
27.0  4531.0
37.0  4527.0
8.0  4537.0
19.0  4532.0
22.0  4545.0
46.0  4529.0
18.0  4562.0
38.0  4541.0
4.0  4539.0
6.0  4532.0
1.0  4538.0
21.0  4524.0
36.0  4551.0
13.0  4534.0
20.0  4533.0
15.0  4556.0
10.0  4534.0
12.0  4521.0
17.0  4559.0
14.0  4546.0
35.0  4544.0
30.0  4543.0
11.0  4540.0
41.0  4534.0
3.0  4544.0
34.0  4548.0
25.0  4537.0
29.0  4551.0
5.0  4531.0
43.0  4534.0
45.0  4536.0
16.0  4559.0
33.0  4562.0
24.0  4540.0
40.0  4536.0
9.0  4551.0
28.0  4552.0
21.0  4538.0
7.0  4538.0
42.0  4540.0
13.0  4525.0
1.0  4551.0
6.0  4539.0
2.0  4540.0
18.0  4526.0
33.0  4542.0
5.0  4524.0
24.0  4542.0
28.0  4538.0
19.0  4524.0
44.0  4522.0
11.0  4524.0
23.0  4543.0
10.0  4531.0
4.0  4526.0
14.0  4520.0
48.0  4558.0
45.0  4547.0
37.0  4536.0
30.0  4537.0
25.0  4536.0
27.0  4545.0
9.0  4530.0
3.0  4524.0
32.0  4559.0
46.0  4554.0
38.0  4531.0
22.0  4546.0
34.0  4534.0
47.0  4533.0
31.0  4520.0
15.0  4523.0
20.0  4540.0
39.0  4523.0
26.0  4539.0
16.0  4534.0
43.0  4545.0
41.0  4536.0
36.0  4532.0
0.0  4551.0
17.0  4532.0
12.0  4559.0
29.0  4533.0
8.0  4521.0
35.0  4541.0
49.0  4543.0
40.0  4546.0
47.0  4651.0
23.0  4519.0
7.0  4549.0
48.0  4545.0
32.0  4536.0
31.0  4550.0
42.0  4533.0
39.0  4527.0
0.0  4526.0
26.0  4547.0
49.0  4530.0
2.0  4556.0
44.0  4531.0
27.0  4531.0
37.0  4527.0
8.0  4537.0
19.0  4532.0
22.0  4545.0
46.0  4529.0
18.0  4562.0
38.0  4541.0
4.0  4539.0
6.0  4532.0
1.0  4538.0
21.0  4524.0
36.0  4551.0
13.0  4534.0
20.0  4533.0
15.0  4556.0
10.0  4534.0
12.0  4521.0
17.0  4559.0
14.0  4546.0
35.0  4544.0
30.0  4543.0
11.0  4540.0
41.0  4534.0
3.0  4544.0
34.0  4548.0
25.0  4537.0
29.0  4551.0
5.0  4531.0
43.0  4534.0
45.0  4536.0
16.0  4559.0
33.0  4562.0
24.0  4540.0
40.0  4536.0
9.0  4551.0
28.0  4552.0
47.0  4651.0
23.0  4519.0
7.0  4549.0
48.0  4545.0
32.0  4536.0
31.0  4550.0
42.0  4533.0
39.0  4527.0
0.0  4526.0
26.0  4547.0
49.0  4530.0
2.0  4556.0
44.0  4531.0
27.0  4531.0
37.0  4527.0
8.0  4537.0
19.0  4532.0
22.0  4545.0
46.0  4529.0
18.0  4562.0
38.0  4541.0
4.0  4539.0
6.0  4532.0
1.0  4538.0
21.0  4524.0
36.0  4551.0
13.0  4534.0
20.0  4533.0
15.0  4556.0
10.0  4534.0
12.0  4521.0
17.0  4559.0
14.0  4546.0
35.0  4544.0
30.0  4543.0
11.0  4540.0
41.0  4534.0
3.0  4544.0
34.0  4548.0
25.0  4537.0
29.0  4551.0
5.0  4531.0
43.0  4534.0
45.0  4536.0
16.0  4559.0
33.0  4562.0
24.0  4540.0
40.0  4536.0
9.0  4551.0
28.0  4552.0
21.0  4538.0
7.0  4538.0
42.0  4540.0
13.0  4525.0
1.0  4551.0
6.0  4539.0
2.0  4540.0
18.0  4526.0
33.0  4542.0
5.0  4524.0
24.0  4542.0
28.0  4538.0
19.0  4524.0
44.0  4522.0
11.0  4524.0
23.0  4543.0
10.0  4531.0
4.0  4526.0
14.0  4520.0
48.0  4558.0
45.0  4547.0
37.0  4536.0
30.0  4537.0
25.0  4536.0
27.0  4545.0
9.0  4530.0
3.0  4524.0
32.0  4559.0
46.0  4554.0
38.0  4531.0
22.0  4546.0
34.0  4534.0
47.0  4533.0
31.0  4520.0
15.0  4523.0
20.0  4540.0
39.0  4523.0
26.0  4539.0
16.0  4534.0
43.0  4545.0
41.0  4536.0
36.0  4532.0
0.0  4551.0
17.0  4532.0
12.0  4559.0
29.0  4533.0
8.0  4521.0
35.0  4541.0
49.0  4543.0
40.0  4546.0
47.0  4651.0
23.0  4519.0
7.0  4549.0
48.0  4545.0
32.0  4536.0
31.0  4550.0
42.0  4533.0
39.0  4527.0
0.0  4526.0
26.0  4547.0
49.0  4530.0
2.0  4556.0
44.0  4531.0
27.0  4531.0
37.0  4527.0
8.0  4537.0
19.0  4532.0
22.0  4545.0
46.0  4529.0
18.0  4562.0
38.0  4541.0
4.0  4539.0
6.0  4532.0
1.0  4538.0
21.0  4524.0
36.0  4551.0
13.0  4534.0
20.0  4533.0
15.0  4556.0
10.0  4534.0
12.0  4521.0
17.0  4559.0
14.0  4546.0
35.0  4544.0
30.0  4543.0
11.0  4540.0
41.0  4534.0
3.0  4544.0
34.0  4548.0
25.0  4537.0
29.0  4551.0
5.0  4531.0
43.0  4534.0
45.0  4536.0
16.0  4559.0
33.0  4562.0
24.0  4540.0
40.0  4536.0
9.0  4551.0
28.0  4552.0
