Device:Moto G (5) Plus
NeuralNetworks API enabled:false
Input image size: 160x160

TfMobile
15.0  628.0
45.0  578.0
49.0  581.0
43.0  571.0
42.0  573.0
32.0  572.0
34.0  573.0
46.0  575.0
17.0  581.0
29.0  573.0
5.0  574.0
48.0  575.0
41.0  577.0
35.0  575.0
23.0  572.0
26.0  571.0
6.0  574.0
12.0  572.0
39.0  573.0
36.0  576.0
37.0  573.0
21.0  571.0
24.0  570.0
31.0  577.0
9.0  573.0
7.0  590.0
18.0  572.0
40.0  588.0
2.0  579.0
19.0  579.0
44.0  577.0
47.0  574.0
11.0  580.0
8.0  579.0
30.0  588.0
13.0  589.0
14.0  581.0
16.0  575.0
3.0  578.0
1.0  577.0
10.0  577.0
20.0  581.0
28.0  577.0
38.0  575.0
27.0  579.0
0.0  575.0
33.0  574.0
4.0  576.0
22.0  575.0
25.0  580.0
15.0  628.0
45.0  578.0
49.0  581.0
43.0  571.0
42.0  573.0
32.0  572.0
34.0  573.0
46.0  575.0
17.0  581.0
29.0  573.0
5.0  574.0
48.0  575.0
41.0  577.0
35.0  575.0
23.0  572.0
26.0  571.0
6.0  574.0
12.0  572.0
39.0  573.0
36.0  576.0
37.0  573.0
21.0  571.0
24.0  570.0
31.0  577.0
9.0  573.0
7.0  590.0
18.0  572.0
40.0  588.0
2.0  579.0
19.0  579.0
44.0  577.0
47.0  574.0
11.0  580.0
8.0  579.0
30.0  588.0
13.0  589.0
14.0  581.0
16.0  575.0
3.0  578.0
1.0  577.0
10.0  577.0
20.0  581.0
28.0  577.0
38.0  575.0
27.0  579.0
0.0  575.0
33.0  574.0
4.0  576.0
22.0  575.0
25.0  580.0


TfLite
15.0  1174.0
45.0  1146.0
49.0  1144.0
43.0  1141.0
42.0  1139.0
32.0  1151.0
34.0  1145.0
46.0  1147.0
17.0  1150.0
29.0  1147.0
5.0  1152.0
48.0  1143.0
41.0  1154.0
35.0  1141.0
23.0  1142.0
26.0  1143.0
6.0  1157.0
12.0  1158.0
39.0  1143.0
36.0  1143.0
37.0  1158.0
21.0  1142.0
24.0  1141.0
31.0  1146.0
9.0  1141.0
7.0  1153.0
18.0  1149.0
40.0  1141.0
2.0  1149.0
19.0  1146.0
44.0  1161.0
47.0  1148.0
11.0  1147.0
8.0  1161.0
30.0  1144.0
13.0  1147.0
14.0  1162.0
16.0  1144.0
3.0  1148.0
1.0  1160.0
10.0  1151.0
20.0  1146.0
28.0  1146.0
38.0  1144.0
27.0  1163.0
0.0  1145.0
33.0  1148.0
4.0  1146.0
22.0  1151.0
25.0  1149.0
15.0  1174.0
45.0  1146.0
49.0  1144.0
43.0  1141.0
42.0  1139.0
32.0  1151.0
34.0  1145.0
46.0  1147.0
17.0  1150.0
29.0  1147.0
5.0  1152.0
48.0  1143.0
41.0  1154.0
35.0  1141.0
23.0  1142.0
26.0  1143.0
6.0  1157.0
12.0  1158.0
39.0  1143.0
36.0  1143.0
37.0  1158.0
21.0  1142.0
24.0  1141.0
31.0  1146.0
9.0  1141.0
7.0  1153.0
18.0  1149.0
40.0  1141.0
2.0  1149.0
19.0  1146.0
44.0  1161.0
47.0  1148.0
11.0  1147.0
8.0  1161.0
30.0  1144.0
13.0  1147.0
14.0  1162.0
16.0  1144.0
3.0  1148.0
1.0  1160.0
10.0  1151.0
20.0  1146.0
28.0  1146.0
38.0  1144.0
27.0  1163.0
0.0  1145.0
33.0  1148.0
4.0  1146.0
22.0  1151.0
25.0  1149.0
