Device:Moto G (5) Plus
NeuralNetworks API enabled:false
Input image size: 240x240

TfMobile
31.0  1316.0
2.0  1286.0
28.0  1279.0
12.0  1268.0
10.0  1269.0
35.0  1276.0
15.0  1276.0
36.0  1277.0
30.0  1272.0
13.0  1286.0
8.0  1276.0
18.0  1272.0
1.0  1274.0
22.0  1274.0
43.0  1273.0
39.0  1278.0
14.0  1274.0
27.0  1275.0
23.0  1270.0
33.0  1272.0
48.0  1275.0
32.0  1278.0
34.0  1275.0
21.0  1293.0
47.0  1278.0
0.0  1276.0
4.0  1283.0
41.0  1276.0
11.0  1270.0
49.0  1275.0
38.0  1272.0
19.0  1274.0
24.0  1276.0
7.0  1273.0
40.0  1272.0
45.0  1275.0
37.0  1275.0
5.0  1281.0
26.0  1272.0
25.0  1283.0
46.0  1275.0
6.0  1274.0
17.0  1283.0
16.0  1273.0
29.0  1272.0
20.0  1280.0
3.0  1280.0
9.0  1277.0
44.0  1281.0
42.0  1277.0
31.0  1316.0
2.0  1286.0
28.0  1279.0
12.0  1268.0
10.0  1269.0
35.0  1276.0
15.0  1276.0
36.0  1277.0
30.0  1272.0
13.0  1286.0
8.0  1276.0
18.0  1272.0
1.0  1274.0
22.0  1274.0
43.0  1273.0
39.0  1278.0
14.0  1274.0
27.0  1275.0
23.0  1270.0
33.0  1272.0
48.0  1275.0
32.0  1278.0
34.0  1275.0
21.0  1293.0
47.0  1278.0
0.0  1276.0
4.0  1283.0
41.0  1276.0
11.0  1270.0
49.0  1275.0
38.0  1272.0
19.0  1274.0
24.0  1276.0
7.0  1273.0
40.0  1272.0
45.0  1275.0
37.0  1275.0
5.0  1281.0
26.0  1272.0
25.0  1283.0
46.0  1275.0
6.0  1274.0
17.0  1283.0
16.0  1273.0
29.0  1272.0
20.0  1280.0
3.0  1280.0
9.0  1277.0
44.0  1281.0
42.0  1277.0


TfLite
31.0  2679.0
2.0  2552.0
28.0  2551.0
12.0  2551.0
10.0  2550.0
35.0  2565.0
15.0  2556.0
36.0  2555.0
30.0  2555.0
13.0  2557.0
8.0  2556.0
18.0  2565.0
1.0  2557.0
22.0  2563.0
43.0  2557.0
39.0  2571.0
14.0  2563.0
27.0  2566.0
23.0  2553.0
33.0  2559.0
48.0  2573.0
32.0  2555.0
34.0  2559.0
21.0  2556.0
47.0  2555.0
0.0  2557.0
4.0  2558.0
41.0  2555.0
11.0  2558.0
49.0  2557.0
38.0  2557.0
19.0  2552.0
24.0  2558.0
7.0  2564.0
40.0  2556.0
45.0  2554.0
37.0  2557.0
5.0  2558.0
26.0  2554.0
25.0  2560.0
46.0  2562.0
6.0  2565.0
17.0  2559.0
16.0  2570.0
29.0  2572.0
20.0  2572.0
3.0  2574.0
9.0  2567.0
44.0  2566.0
42.0  2573.0
31.0  2679.0
2.0  2552.0
28.0  2551.0
12.0  2551.0
10.0  2550.0
35.0  2565.0
15.0  2556.0
36.0  2555.0
30.0  2555.0
13.0  2557.0
8.0  2556.0
18.0  2565.0
1.0  2557.0
22.0  2563.0
43.0  2557.0
39.0  2571.0
14.0  2563.0
27.0  2566.0
23.0  2553.0
33.0  2559.0
48.0  2573.0
32.0  2555.0
34.0  2559.0
21.0  2556.0
47.0  2555.0
0.0  2557.0
4.0  2558.0
41.0  2555.0
11.0  2558.0
49.0  2557.0
38.0  2557.0
19.0  2552.0
24.0  2558.0
7.0  2564.0
40.0  2556.0
45.0  2554.0
37.0  2557.0
5.0  2558.0
26.0  2554.0
25.0  2560.0
46.0  2562.0
6.0  2565.0
17.0  2559.0
16.0  2570.0
29.0  2572.0
20.0  2572.0
3.0  2574.0
9.0  2567.0
44.0  2566.0
42.0  2573.0
