Device:SM-G900F
NeuralNetworks API enabled:false
Input image size: 160x160

TfMobile
40.0  511.0
29.0  431.0
4.0  439.0
13.0  439.0
34.0  430.0
12.0  453.0
49.0  446.0
24.0  437.0
38.0  443.0
17.0  439.0
21.0  430.0
7.0  439.0
32.0  438.0
39.0  450.0
3.0  433.0
8.0  431.0
1.0  453.0
5.0  440.0
23.0  450.0
2.0  475.0
36.0  476.0
35.0  499.0
31.0  494.0
9.0  468.0
48.0  439.0
15.0  471.0
37.0  479.0
46.0  454.0
43.0  481.0
14.0  461.0
45.0  437.0
22.0  467.0
0.0  504.0
25.0  487.0
44.0  493.0
18.0  471.0
6.0  455.0
30.0  458.0
11.0  482.0
28.0  544.0
47.0  524.0
42.0  455.0
41.0  484.0
16.0  452.0
27.0  461.0
20.0  460.0
33.0  481.0
10.0  467.0
26.0  460.0
19.0  474.0
40.0  511.0
29.0  431.0
4.0  439.0
13.0  439.0
34.0  430.0
12.0  453.0
49.0  446.0
24.0  437.0
38.0  443.0
17.0  439.0
21.0  430.0
7.0  439.0
32.0  438.0
39.0  450.0
3.0  433.0
8.0  431.0
1.0  453.0
5.0  440.0
23.0  450.0
2.0  475.0
36.0  476.0
35.0  499.0
31.0  494.0
9.0  468.0
48.0  439.0
15.0  471.0
37.0  479.0
46.0  454.0
43.0  481.0
14.0  461.0
45.0  437.0
22.0  467.0
0.0  504.0
25.0  487.0
44.0  493.0
18.0  471.0
6.0  455.0
30.0  458.0
11.0  482.0
28.0  544.0
47.0  524.0
42.0  455.0
41.0  484.0
16.0  452.0
27.0  461.0
20.0  460.0
33.0  481.0
10.0  467.0
26.0  460.0
19.0  474.0


TfLite
40.0  1004.0
29.0  920.0
4.0  931.0
13.0  952.0
34.0  911.0
12.0  955.0
49.0  931.0
24.0  924.0
38.0  951.0
17.0  924.0
21.0  924.0
7.0  922.0
32.0  925.0
39.0  938.0
3.0  937.0
8.0  924.0
1.0  957.0
5.0  940.0
23.0  953.0
2.0  940.0
36.0  1122.0
35.0  1047.0
31.0  1083.0
9.0  966.0
48.0  968.0
15.0  1119.0
37.0  1029.0
46.0  1061.0
43.0  1060.0
14.0  1030.0
45.0  1073.0
22.0  1029.0
0.0  1042.0
25.0  1072.0
44.0  1088.0
18.0  1064.0
6.0  1065.0
30.0  1075.0
11.0  1047.0
28.0  1068.0
47.0  1231.0
42.0  1057.0
41.0  1020.0
16.0  1005.0
27.0  1029.0
20.0  993.0
33.0  1032.0
10.0  1045.0
26.0  1008.0
19.0  1028.0
40.0  1004.0
29.0  920.0
4.0  931.0
13.0  952.0
34.0  911.0
12.0  955.0
49.0  931.0
24.0  924.0
38.0  951.0
17.0  924.0
21.0  924.0
7.0  922.0
32.0  925.0
39.0  938.0
3.0  937.0
8.0  924.0
1.0  957.0
5.0  940.0
23.0  953.0
2.0  940.0
36.0  1122.0
35.0  1047.0
31.0  1083.0
9.0  966.0
48.0  968.0
15.0  1119.0
37.0  1029.0
46.0  1061.0
43.0  1060.0
14.0  1030.0
45.0  1073.0
22.0  1029.0
0.0  1042.0
25.0  1072.0
44.0  1088.0
18.0  1064.0
6.0  1065.0
30.0  1075.0
11.0  1047.0
28.0  1068.0
47.0  1231.0
42.0  1057.0
41.0  1020.0
16.0  1005.0
27.0  1029.0
20.0  993.0
33.0  1032.0
10.0  1045.0
26.0  1008.0
19.0  1028.0
