Device:SM-G900F
NeuralNetworks API enabled:false
Input image size: 360x360

TfMobile
30.0  2198.0
30.0  2198.0
30.0  2198.0
30.0  2198.0
30.0  2188.0
24.0  2293.0
12.0  2445.0
3.0  2414.0
36.0  2479.0
39.0  2593.0
21.0  2484.0
31.0  2611.0
1.0  2540.0
46.0  2513.0
32.0  2655.0
35.0  2634.0
17.0  2635.0
11.0  2557.0
5.0  2633.0
25.0  2624.0
40.0  2643.0
20.0  2661.0
14.0  2637.0
41.0  2770.0
7.0  2800.0
16.0  2558.0
8.0  2592.0
28.0  2575.0
38.0  2555.0
19.0  2570.0
6.0  2548.0
0.0  2599.0
34.0  2464.0
42.0  2524.0
9.0  2628.0
18.0  2564.0
49.0  2625.0
48.0  2656.0
4.0  2705.0
26.0  2646.0
10.0  2568.0
2.0  2704.0
23.0  2637.0
44.0  2590.0
47.0  2605.0
29.0  2462.0
22.0  2621.0
13.0  2703.0
33.0  2607.0
27.0  2690.0
37.0  2679.0
15.0  2647.0
43.0  2628.0
45.0  2619.0
30.0  2198.0
30.0  2198.0
30.0  2198.0
30.0  2198.0
30.0  2198.0
30.0  2198.0
30.0  2198.0
30.0  2198.0
30.0  2188.0
24.0  2293.0
12.0  2445.0
3.0  2414.0
36.0  2479.0
39.0  2593.0
21.0  2484.0
31.0  2611.0
1.0  2540.0
46.0  2513.0
32.0  2655.0
35.0  2634.0
17.0  2635.0
11.0  2557.0
5.0  2633.0
25.0  2624.0
40.0  2643.0
20.0  2661.0
14.0  2637.0
41.0  2770.0
7.0  2800.0
16.0  2558.0
8.0  2592.0
28.0  2575.0
38.0  2555.0
19.0  2570.0
6.0  2548.0
0.0  2599.0
34.0  2464.0
42.0  2524.0
9.0  2628.0
18.0  2564.0
49.0  2625.0
48.0  2656.0
4.0  2705.0
26.0  2646.0
10.0  2568.0
2.0  2704.0
23.0  2637.0
44.0  2590.0
47.0  2605.0
29.0  2462.0
22.0  2621.0
13.0  2703.0
33.0  2607.0
27.0  2690.0
37.0  2679.0
15.0  2647.0
43.0  2628.0
45.0  2619.0
30.0  2198.0
30.0  2198.0
30.0  2198.0
30.0  2198.0


TfLite
30.0  5186.0
30.0  5186.0
30.0  5186.0
30.0  5186.0
30.0  5074.0
24.0  5352.0
12.0  5726.0
3.0  5655.0
36.0  5759.0
39.0  5840.0
21.0  5844.0
31.0  5722.0
1.0  6046.0
46.0  5926.0
32.0  6142.0
35.0  5882.0
17.0  6026.0
11.0  6137.0
5.0  6111.0
25.0  6123.0
40.0  6199.0
20.0  6058.0
14.0  6264.0
41.0  6125.0
7.0  6000.0
16.0  5667.0
8.0  5634.0
28.0  5595.0
38.0  5700.0
19.0  5667.0
6.0  5618.0
0.0  5693.0
34.0  5620.0
42.0  5631.0
9.0  5637.0
18.0  5533.0
49.0  5704.0
48.0  5637.0
4.0  5749.0
26.0  5830.0
10.0  5649.0
2.0  5659.0
23.0  5678.0
44.0  5707.0
47.0  5672.0
29.0  5673.0
22.0  5766.0
13.0  5589.0
33.0  5734.0
27.0  5643.0
37.0  5810.0
15.0  5753.0
43.0  5793.0
45.0  5725.0
30.0  5186.0
30.0  5186.0
30.0  5186.0
30.0  5186.0
30.0  5186.0
30.0  5186.0
30.0  5186.0
30.0  5186.0
30.0  5074.0
24.0  5352.0
12.0  5726.0
3.0  5655.0
36.0  5759.0
39.0  5840.0
21.0  5844.0
31.0  5722.0
1.0  6046.0
46.0  5926.0
32.0  6142.0
35.0  5882.0
17.0  6026.0
11.0  6137.0
5.0  6111.0
25.0  6123.0
40.0  6199.0
20.0  6058.0
14.0  6264.0
41.0  6125.0
7.0  6000.0
16.0  5667.0
8.0  5634.0
28.0  5595.0
38.0  5700.0
19.0  5667.0
6.0  5618.0
0.0  5693.0
34.0  5620.0
42.0  5631.0
9.0  5637.0
18.0  5533.0
49.0  5704.0
48.0  5637.0
4.0  5749.0
26.0  5830.0
10.0  5649.0
2.0  5659.0
23.0  5678.0
44.0  5707.0
47.0  5672.0
29.0  5673.0
22.0  5766.0
13.0  5589.0
33.0  5734.0
27.0  5643.0
37.0  5810.0
15.0  5753.0
43.0  5793.0
45.0  5725.0
30.0  5186.0
30.0  5186.0
30.0  5186.0
30.0  5186.0
