Device:SM-G900F
NeuralNetworks API enabled:false
Input image size: 240x240

TfMobile
2.0  789.0
28.0  860.0
41.0  873.0
3.0  857.0
10.0  897.0
31.0  880.0
12.0  904.0
5.0  889.0
9.0  852.0
13.0  895.0
20.0  900.0
29.0  912.0
30.0  939.0
14.0  901.0
22.0  918.0
24.0  915.0
8.0  938.0
47.0  936.0
42.0  907.0
40.0  954.0
33.0  1021.0
21.0  920.0
4.0  951.0
6.0  929.0
45.0  957.0
7.0  914.0
44.0  953.0
34.0  939.0
26.0  910.0
27.0  942.0
46.0  925.0
49.0  939.0
37.0  991.0
25.0  964.0
39.0  979.0
43.0  978.0
1.0  939.0
16.0  970.0
19.0  992.0
36.0  947.0
48.0  958.0
38.0  948.0
32.0  946.0
11.0  964.0
17.0  989.0
35.0  974.0
15.0  923.0
23.0  969.0
18.0  976.0
0.0  957.0
2.0  789.0
28.0  860.0
41.0  873.0
3.0  857.0
10.0  897.0
31.0  880.0
12.0  904.0
5.0  889.0
9.0  852.0
13.0  895.0
20.0  900.0
29.0  912.0
30.0  939.0
14.0  901.0
22.0  918.0
24.0  915.0
8.0  938.0
47.0  936.0
42.0  907.0
40.0  954.0
33.0  1021.0
21.0  920.0
4.0  951.0
6.0  929.0
45.0  957.0
7.0  914.0
44.0  953.0
34.0  939.0
26.0  910.0
27.0  942.0
46.0  925.0
49.0  939.0
37.0  991.0
25.0  964.0
39.0  979.0
43.0  978.0
1.0  939.0
16.0  970.0
19.0  992.0
36.0  947.0
48.0  958.0
38.0  948.0
32.0  946.0
11.0  964.0
17.0  989.0
35.0  974.0
15.0  923.0
23.0  969.0
18.0  976.0
0.0  957.0


TfLite
2.0  2212.0
28.0  2261.0
41.0  2132.0
3.0  2204.0
10.0  2001.0
31.0  2025.0
12.0  2050.0
5.0  2048.0
9.0  2134.0
13.0  2122.0
20.0  2148.0
29.0  2108.0
30.0  2118.0
14.0  2242.0
22.0  2155.0
24.0  2201.0
8.0  2160.0
47.0  2222.0
42.0  2235.0
40.0  2216.0
33.0  2165.0
21.0  2205.0
4.0  2208.0
6.0  2225.0
45.0  2174.0
7.0  2241.0
44.0  2209.0
34.0  2191.0
26.0  2178.0
27.0  2204.0
46.0  2288.0
49.0  2282.0
37.0  2237.0
25.0  2234.0
39.0  2237.0
43.0  2309.0
1.0  2242.0
16.0  2339.0
19.0  2274.0
36.0  2246.0
48.0  2265.0
38.0  2281.0
32.0  2344.0
11.0  2254.0
17.0  2277.0
35.0  2288.0
15.0  2282.0
23.0  2319.0
18.0  2291.0
0.0  2334.0
2.0  2212.0
28.0  2261.0
41.0  2132.0
3.0  2204.0
10.0  2001.0
31.0  2025.0
12.0  2050.0
5.0  2048.0
9.0  2134.0
13.0  2122.0
20.0  2148.0
29.0  2108.0
30.0  2118.0
14.0  2242.0
22.0  2155.0
24.0  2201.0
8.0  2160.0
47.0  2222.0
42.0  2235.0
40.0  2216.0
33.0  2165.0
21.0  2205.0
4.0  2208.0
6.0  2225.0
45.0  2174.0
7.0  2241.0
44.0  2209.0
34.0  2191.0
26.0  2178.0
27.0  2204.0
46.0  2288.0
49.0  2282.0
37.0  2237.0
25.0  2234.0
39.0  2237.0
43.0  2309.0
1.0  2242.0
16.0  2339.0
19.0  2274.0
36.0  2246.0
48.0  2265.0
38.0  2281.0
32.0  2344.0
11.0  2254.0
17.0  2277.0
35.0  2288.0
15.0  2282.0
23.0  2319.0
18.0  2291.0
0.0  2334.0
