Device:SM-G950F
NeuralNetworks API enabled:false
Input image size: 160x160



TfMobile_160px
7.0  234.0
0.0  188.0
1.0  177.0
2.0  183.0
3.0  191.0
4.0  188.0
5.0  195.0
6.0  176.0
7.0  176.0
8.0  176.0
9.0  183.0
10.0  176.0
11.0  189.0
12.0  189.0
13.0  177.0
14.0  190.0
15.0  178.0
16.0  183.0
17.0  182.0
18.0  187.0
19.0  178.0
20.0  181.0
21.0  179.0
22.0  179.0
23.0  179.0
24.0  182.0
25.0  191.0
26.0  179.0
27.0  182.0
28.0  179.0
29.0  185.0
30.0  180.0
31.0  179.0
32.0  180.0
33.0  180.0
34.0  187.0
35.0  179.0
36.0  195.0
37.0  182.0
38.0  181.0
39.0  178.0
40.0  189.0
41.0  180.0
42.0  179.0
43.0  177.0
44.0  181.0
45.0  172.0
46.0  178.0
47.0  197.0
48.0  191.0
49.0  179.0


TfMobile_240px
0.0  395.0
1.0  396.0
2.0  402.0
3.0  400.0
4.0  398.0
5.0  424.0
6.0  387.0
7.0  432.0
8.0  390.0
9.0  405.0
10.0  403.0
11.0  440.0
12.0  391.0
13.0  405.0
14.0  412.0
15.0  423.0
16.0  392.0
17.0  413.0
18.0  398.0
19.0  405.0
20.0  413.0
21.0  402.0
22.0  406.0
23.0  403.0
24.0  406.0
25.0  413.0
26.0  405.0
27.0  411.0
28.0  403.0
29.0  412.0
30.0  421.0
31.0  407.0
32.0  410.0
33.0  450.0
34.0  404.0
35.0  436.0
36.0  411.0
37.0  408.0
38.0  406.0
39.0  409.0
40.0  413.0
41.0  421.0
42.0  411.0
43.0  411.0
44.0  413.0
45.0  411.0
46.0  413.0
47.0  410.0
48.0  433.0
49.0  423.0


TfMobile_320px
0.0  729.0
1.0  766.0
2.0  783.0
3.0  766.0
4.0  732.0
5.0  767.0
6.0  729.0
7.0  756.0
8.0  766.0
9.0  774.0
10.0  761.0
11.0  778.0
12.0  772.0
13.0  778.0
14.0  777.0
15.0  732.0
16.0  769.0
17.0  738.0
18.0  774.0
19.0  772.0
20.0  772.0
21.0  734.0
22.0  769.0
23.0  726.0
24.0  746.0
25.0  770.0
26.0  759.0
27.0  724.0
28.0  726.0
29.0  768.0
30.0  764.0
31.0  730.0
32.0  772.0
33.0  780.0
34.0  732.0
35.0  780.0
36.0  764.0
37.0  729.0
38.0  771.0
39.0  769.0
40.0  772.0
41.0  775.0
42.0  760.0
43.0  771.0
44.0  734.0
45.0  733.0
46.0  737.0
47.0  730.0
48.0  775.0
49.0  776.0


TfLite_160px
7.0  488.0
0.0  531.0
1.0  381.0
2.0  368.0
3.0  377.0
4.0  370.0
5.0  384.0
6.0  386.0
7.0  365.0
8.0  379.0
9.0  367.0
10.0  364.0
11.0  361.0
12.0  366.0
13.0  365.0
14.0  387.0
15.0  386.0
16.0  366.0
17.0  362.0
18.0  364.0
19.0  361.0
20.0  374.0
21.0  364.0
22.0  361.0
23.0  362.0
24.0  363.0
25.0  370.0
26.0  372.0
27.0  364.0
28.0  369.0
29.0  366.0
30.0  383.0
31.0  368.0
32.0  364.0
33.0  363.0
34.0  364.0
35.0  370.0
36.0  367.0
37.0  353.0
38.0  373.0
39.0  362.0
40.0  364.0
41.0  365.0
42.0  366.0
43.0  369.0
44.0  368.0
45.0  354.0
46.0  364.0
47.0  367.0
48.0  372.0
49.0  365.0


TfLite_240px
0.0  1020.0
1.0  809.0
2.0  813.0
3.0  808.0
4.0  813.0
5.0  809.0
6.0  804.0
7.0  815.0
8.0  798.0
9.0  818.0
10.0  825.0
11.0  805.0
12.0  824.0
13.0  802.0
14.0  810.0
15.0  814.0
16.0  815.0
17.0  808.0
18.0  795.0
19.0  809.0
20.0  807.0
21.0  814.0
22.0  808.0
23.0  806.0
24.0  818.0
25.0  803.0
26.0  805.0
27.0  805.0
28.0  806.0
29.0  804.0
30.0  818.0
31.0  810.0
32.0  807.0
33.0  811.0
34.0  803.0
35.0  807.0
36.0  810.0
37.0  824.0
38.0  807.0
39.0  817.0
40.0  808.0
41.0  805.0
42.0  818.0
43.0  811.0
44.0  806.0
45.0  816.0
46.0  810.0
47.0  810.0
48.0  812.0
49.0  808.0


TfLite_320px
0.0  1807.0
1.0  1472.0
2.0  1510.0
3.0  1497.0
4.0  1477.0
5.0  1462.0
6.0  1489.0
7.0  1444.0
8.0  1477.0
9.0  1484.0
10.0  1490.0
11.0  1467.0
12.0  1507.0
13.0  1487.0
14.0  1499.0
15.0  1523.0
16.0  1451.0
17.0  1484.0
18.0  1462.0
19.0  1485.0
20.0  1502.0
21.0  1482.0
22.0  1486.0
23.0  1482.0
24.0  1472.0
25.0  1439.0
26.0  1484.0
27.0  1472.0
28.0  1463.0
29.0  1452.0
30.0  1482.0
31.0  1495.0
32.0  1475.0
33.0  1511.0
34.0  1524.0
35.0  1493.0
36.0  1487.0
37.0  1532.0
38.0  1479.0
39.0  1490.0
40.0  1534.0
41.0  1523.0
42.0  1497.0
43.0  1499.0
44.0  1511.0
45.0  1487.0
46.0  1488.0
47.0  1482.0
48.0  1499.0
49.0  1518.0
