Device:GT-I9505
NeuralNetworks API enabled:false
Input image size: 360x360

TfMobile
2.0  4128.0
47.0  3884.0
0.0  3003.0
12.0  3476.0
17.0  3852.0
40.0  3883.0
39.0  3007.0
3.0  3208.0
25.0  3874.0
31.0  3788.0
49.0  3902.0
15.0  2805.0
21.0  2784.0
45.0  2760.0
18.0  2754.0
14.0  2774.0
30.0  2734.0
7.0  2739.0
16.0  3538.0
22.0  2760.0
20.0  2738.0
36.0  2719.0
37.0  2728.0
41.0  2786.0
27.0  3507.0
13.0  3512.0
48.0  2745.0
19.0  2769.0
35.0  2791.0
8.0  3557.0
32.0  3524.0
33.0  2839.0
44.0  2739.0
1.0  3670.0
28.0  3882.0
38.0  2840.0
6.0  2764.0
10.0  2719.0
46.0  3552.0
5.0  5128.0
26.0  4027.0
24.0  3849.0
29.0  3831.0
42.0  3849.0
11.0  3922.0
9.0  3918.0
4.0  3825.0
43.0  3870.0
34.0  3932.0
23.0  3852.0
2.0  4128.0
47.0  3884.0
0.0  3003.0
12.0  3476.0
17.0  3852.0
40.0  3883.0
39.0  3007.0
3.0  3208.0
25.0  3874.0
31.0  3788.0
49.0  3902.0
15.0  2805.0
21.0  2784.0
45.0  2760.0
18.0  2754.0
14.0  2774.0
30.0  2734.0
7.0  2739.0
16.0  3538.0
22.0  2760.0
20.0  2738.0
36.0  2719.0
37.0  2728.0
41.0  2786.0
27.0  3507.0
13.0  3512.0
48.0  2745.0
19.0  2769.0
35.0  2791.0
8.0  3557.0
32.0  3524.0
33.0  2839.0
44.0  2739.0
1.0  3670.0
28.0  3882.0
38.0  2840.0
6.0  2764.0
10.0  2719.0
46.0  3552.0
5.0  5128.0
26.0  4027.0
24.0  3849.0
29.0  3831.0
42.0  3849.0
11.0  3922.0
9.0  3918.0
4.0  3825.0
43.0  3870.0
34.0  3932.0
23.0  3852.0


TfLite
2.0  12068.0
47.0  11560.0
0.0  9772.0
12.0  8989.0
17.0  11652.0
40.0  11581.0
39.0  10037.0
3.0  8990.0
25.0  11692.0
31.0  11907.0
49.0  11492.0
15.0  10034.0
21.0  7722.0
45.0  7619.0
18.0  7661.0
14.0  7667.0
30.0  7766.0
7.0  7687.0
16.0  9303.0
22.0  9226.0
20.0  7737.0
36.0  7604.0
37.0  7671.0
41.0  7620.0
27.0  9177.0
13.0  9464.0
48.0  8646.0
19.0  7672.0
35.0  7613.0
8.0  9457.0
32.0  9584.0
33.0  8381.0
44.0  7677.0
1.0  10181.0
28.0  11392.0
38.0  9011.0
6.0  7680.0
10.0  7618.0
46.0  9127.0
5.0  10264.0
26.0  11617.0
24.0  11617.0
29.0  11876.0
42.0  11415.0
11.0  11589.0
9.0  11703.0
4.0  11596.0
43.0  11641.0
34.0  11452.0
23.0  11452.0
2.0  12068.0
47.0  11560.0
0.0  9772.0
12.0  8989.0
17.0  11652.0
40.0  11581.0
39.0  10037.0
3.0  8990.0
25.0  11692.0
31.0  11907.0
49.0  11492.0
15.0  10034.0
21.0  7722.0
45.0  7619.0
18.0  7661.0
14.0  7667.0
30.0  7766.0
7.0  7687.0
16.0  9303.0
22.0  9226.0
20.0  7737.0
36.0  7604.0
37.0  7671.0
41.0  7620.0
27.0  9177.0
13.0  9464.0
48.0  8646.0
19.0  7672.0
35.0  7613.0
8.0  9457.0
32.0  9584.0
33.0  8381.0
44.0  7677.0
1.0  10181.0
28.0  11392.0
38.0  9011.0
6.0  7680.0
10.0  7618.0
46.0  9127.0
5.0  10264.0
26.0  11617.0
24.0  11617.0
29.0  11876.0
42.0  11415.0
11.0  11589.0
9.0  11703.0
4.0  11596.0
43.0  11641.0
34.0  11452.0
23.0  11452.0
