Device:GT-I9505
NeuralNetworks API enabled:false
Input image size: 160x160

TfMobile
4.0  562.0
39.0  538.0
37.0  488.0
44.0  526.0
42.0  507.0
47.0  572.0
40.0  504.0
17.0  445.0
28.0  422.0
27.0  533.0
26.0  490.0
1.0  458.0
31.0  499.0
0.0  568.0
32.0  674.0
22.0  573.0
3.0  582.0
16.0  445.0
23.0  465.0
38.0  459.0
46.0  473.0
41.0  468.0
43.0  484.0
45.0  562.0
36.0  602.0
12.0  571.0
10.0  561.0
2.0  509.0
30.0  511.0
34.0  502.0
21.0  544.0
19.0  527.0
20.0  508.0
11.0  508.0
9.0  507.0
15.0  503.0
35.0  508.0
18.0  519.0
5.0  504.0
8.0  502.0
48.0  520.0
29.0  505.0
6.0  518.0
13.0  528.0
24.0  514.0
14.0  511.0
7.0  524.0
25.0  506.0
49.0  527.0
33.0  509.0
4.0  562.0
39.0  538.0
37.0  488.0
44.0  526.0
42.0  507.0
47.0  572.0
40.0  504.0
17.0  445.0
28.0  422.0
27.0  533.0
26.0  490.0
1.0  458.0
31.0  499.0
0.0  568.0
32.0  674.0
22.0  573.0
3.0  582.0
16.0  445.0
23.0  465.0
38.0  459.0
46.0  473.0
41.0  468.0
43.0  484.0
45.0  562.0
36.0  602.0
12.0  571.0
10.0  561.0
2.0  509.0
30.0  511.0
34.0  502.0
21.0  544.0
19.0  527.0
20.0  508.0
11.0  508.0
9.0  507.0
15.0  503.0
35.0  508.0
18.0  519.0
5.0  504.0
8.0  502.0
48.0  520.0
29.0  505.0
6.0  518.0
13.0  528.0
24.0  514.0
14.0  511.0
7.0  524.0
25.0  506.0
49.0  527.0
33.0  509.0


TfLite
4.0  1346.0
39.0  1305.0
37.0  1320.0
44.0  1264.0
42.0  1315.0
47.0  1239.0
40.0  1278.0
17.0  1350.0
28.0  1250.0
27.0  1195.0
26.0  1178.0
1.0  1203.0
31.0  1135.0
0.0  1604.0
32.0  1638.0
22.0  1614.0
3.0  1570.0
16.0  1437.0
23.0  1197.0
38.0  1215.0
46.0  1212.0
41.0  1137.0
43.0  1414.0
45.0  1575.0
36.0  1635.0
12.0  1555.0
10.0  1630.0
2.0  1554.0
30.0  1460.0
34.0  1399.0
21.0  1459.0
19.0  1394.0
20.0  1516.0
11.0  1394.0
9.0  1448.0
15.0  1442.0
35.0  1462.0
18.0  1453.0
5.0  1435.0
8.0  1424.0
48.0  1450.0
29.0  1399.0
6.0  1440.0
13.0  1441.0
24.0  1388.0
14.0  1441.0
7.0  1386.0
25.0  1422.0
49.0  1450.0
33.0  1411.0
4.0  1346.0
39.0  1305.0
37.0  1320.0
44.0  1264.0
42.0  1315.0
47.0  1239.0
40.0  1278.0
17.0  1350.0
28.0  1250.0
27.0  1195.0
26.0  1178.0
1.0  1203.0
31.0  1135.0
0.0  1604.0
32.0  1638.0
22.0  1614.0
3.0  1570.0
16.0  1437.0
23.0  1197.0
38.0  1215.0
46.0  1212.0
41.0  1137.0
43.0  1414.0
45.0  1575.0
36.0  1635.0
12.0  1555.0
10.0  1630.0
2.0  1554.0
30.0  1460.0
34.0  1399.0
21.0  1459.0
19.0  1394.0
20.0  1516.0
11.0  1394.0
9.0  1448.0
15.0  1442.0
35.0  1462.0
18.0  1453.0
5.0  1435.0
8.0  1424.0
48.0  1450.0
29.0  1399.0
6.0  1440.0
13.0  1441.0
24.0  1388.0
14.0  1441.0
7.0  1386.0
25.0  1422.0
49.0  1450.0
33.0  1411.0
