Device:GT-I9505
NeuralNetworks API enabled:false
Input image size: 240x240

TfMobile
20.0  983.0
41.0  1007.0
28.0  996.0
37.0  1250.0
14.0  1258.0
17.0  1270.0
15.0  1248.0
7.0  1251.0
26.0  1253.0
0.0  1241.0
27.0  1271.0
31.0  1268.0
5.0  1245.0
30.0  1245.0
2.0  1265.0
19.0  1271.0
45.0  1232.0
36.0  1285.0
25.0  1260.0
47.0  1276.0
18.0  1251.0
46.0  1289.0
38.0  1284.0
42.0  1258.0
43.0  1249.0
12.0  1253.0
34.0  1234.0
21.0  1239.0
49.0  1220.0
6.0  1304.0
9.0  1219.0
24.0  1230.0
4.0  1268.0
1.0  1497.0
10.0  1656.0
3.0  1642.0
13.0  1640.0
29.0  1665.0
22.0  1255.0
33.0  1296.0
23.0  1276.0
40.0  1296.0
44.0  1307.0
11.0  1287.0
32.0  1267.0
48.0  1288.0
8.0  1717.0
39.0  1614.0
35.0  1636.0
16.0  1343.0
20.0  983.0
41.0  1007.0
28.0  996.0
37.0  1250.0
14.0  1258.0
17.0  1270.0
15.0  1248.0
7.0  1251.0
26.0  1253.0
0.0  1241.0
27.0  1271.0
31.0  1268.0
5.0  1245.0
30.0  1245.0
2.0  1265.0
19.0  1271.0
45.0  1232.0
36.0  1285.0
25.0  1260.0
47.0  1276.0
18.0  1251.0
46.0  1289.0
38.0  1284.0
42.0  1258.0
43.0  1249.0
12.0  1253.0
34.0  1234.0
21.0  1239.0
49.0  1220.0
6.0  1304.0
9.0  1219.0
24.0  1230.0
4.0  1268.0
1.0  1497.0
10.0  1656.0
3.0  1642.0
13.0  1640.0
29.0  1665.0
22.0  1255.0
33.0  1296.0
23.0  1276.0
40.0  1296.0
44.0  1307.0
11.0  1287.0
32.0  1267.0
48.0  1288.0
8.0  1717.0
39.0  1614.0
35.0  1636.0
16.0  1343.0
20.0  983.0
41.0  1007.0
28.0  996.0
37.0  1250.0
14.0  1258.0
17.0  1270.0
15.0  1248.0
7.0  1251.0
26.0  1253.0
0.0  1241.0
27.0  1271.0
31.0  1268.0
5.0  1245.0
30.0  1245.0
2.0  1265.0
19.0  1271.0
45.0  1232.0
36.0  1285.0
25.0  1260.0
47.0  1276.0
18.0  1251.0
46.0  1289.0
38.0  1284.0
42.0  1258.0
43.0  1249.0
12.0  1253.0
34.0  1234.0
21.0  1239.0
49.0  1220.0
6.0  1304.0
9.0  1219.0
24.0  1230.0
4.0  1268.0
1.0  1497.0
10.0  1656.0
3.0  1642.0
13.0  1640.0
29.0  1665.0
22.0  1255.0
33.0  1296.0
23.0  1276.0
40.0  1296.0
44.0  1307.0
11.0  1287.0
32.0  1267.0
48.0  1288.0
8.0  1717.0
39.0  1614.0
35.0  1636.0
16.0  1343.0
20.0  983.0
41.0  1007.0
28.0  996.0
37.0  1250.0
14.0  1258.0
17.0  1270.0
15.0  1248.0
7.0  1251.0
26.0  1253.0
0.0  1241.0
27.0  1271.0
31.0  1268.0
5.0  1245.0
30.0  1245.0
2.0  1265.0
19.0  1271.0
45.0  1232.0
36.0  1285.0
25.0  1260.0
47.0  1276.0
18.0  1251.0
46.0  1289.0
38.0  1284.0
42.0  1258.0
43.0  1249.0
12.0  1253.0
34.0  1234.0
21.0  1239.0
49.0  1220.0
6.0  1304.0
9.0  1219.0
24.0  1230.0
4.0  1268.0
1.0  1497.0
10.0  1656.0
3.0  1642.0
13.0  1640.0
29.0  1665.0
22.0  1255.0
33.0  1296.0
23.0  1276.0
40.0  1296.0
44.0  1307.0
11.0  1287.0
32.0  1267.0
48.0  1288.0
8.0  1717.0
39.0  1614.0
35.0  1636.0
16.0  1343.0


TfLite
20.0  2493.0
41.0  2495.0
28.0  2730.0
37.0  2750.0
14.0  3517.0
17.0  3620.0
15.0  3469.0
7.0  3452.0
26.0  3495.0
0.0  3561.0
27.0  3549.0
31.0  3499.0
5.0  3486.0
30.0  3497.0
2.0  3431.0
19.0  3544.0
45.0  3528.0
36.0  3525.0
25.0  3458.0
47.0  3474.0
18.0  3489.0
46.0  3491.0
38.0  3457.0
42.0  3468.0
43.0  3558.0
12.0  3442.0
34.0  3506.0
21.0  3448.0
49.0  3481.0
6.0  3451.0
9.0  3432.0
24.0  3521.0
4.0  3449.0
1.0  3464.0
10.0  4377.0
3.0  4496.0
13.0  4283.0
29.0  4283.0
22.0  4229.0
33.0  3439.0
23.0  3466.0
40.0  3455.0
44.0  3485.0
11.0  3490.0
32.0  3543.0
48.0  3517.0
8.0  3666.0
39.0  4312.0
35.0  4453.0
16.0  4417.0
20.0  2493.0
41.0  2495.0
28.0  2730.0
37.0  2750.0
14.0  3517.0
17.0  3620.0
15.0  3469.0
7.0  3452.0
26.0  3495.0
0.0  3561.0
27.0  3549.0
31.0  3499.0
5.0  3486.0
30.0  3497.0
2.0  3431.0
19.0  3544.0
45.0  3528.0
36.0  3525.0
25.0  3458.0
47.0  3474.0
18.0  3489.0
46.0  3491.0
38.0  3457.0
42.0  3468.0
43.0  3558.0
12.0  3442.0
34.0  3506.0
21.0  3448.0
49.0  3481.0
6.0  3451.0
9.0  3432.0
24.0  3521.0
4.0  3449.0
1.0  3464.0
10.0  4377.0
3.0  4496.0
13.0  4283.0
29.0  4283.0
22.0  4229.0
33.0  3439.0
23.0  3466.0
40.0  3455.0
44.0  3485.0
11.0  3490.0
32.0  3543.0
48.0  3517.0
8.0  3666.0
39.0  4312.0
35.0  4453.0
16.0  4417.0
20.0  2493.0
41.0  2495.0
28.0  2730.0
37.0  2750.0
14.0  3517.0
17.0  3620.0
15.0  3469.0
7.0  3452.0
26.0  3495.0
0.0  3561.0
27.0  3549.0
31.0  3499.0
5.0  3486.0
30.0  3497.0
2.0  3431.0
19.0  3544.0
45.0  3528.0
36.0  3525.0
25.0  3458.0
47.0  3474.0
18.0  3489.0
46.0  3491.0
38.0  3457.0
42.0  3468.0
43.0  3558.0
12.0  3442.0
34.0  3506.0
21.0  3448.0
49.0  3481.0
6.0  3451.0
9.0  3432.0
24.0  3521.0
4.0  3449.0
1.0  3464.0
10.0  4377.0
3.0  4496.0
13.0  4283.0
29.0  4283.0
22.0  4229.0
33.0  3439.0
23.0  3466.0
40.0  3455.0
44.0  3485.0
11.0  3490.0
32.0  3543.0
48.0  3517.0
8.0  3666.0
39.0  4312.0
35.0  4453.0
16.0  4417.0
20.0  2493.0
41.0  2495.0
28.0  2730.0
37.0  2750.0
14.0  3517.0
17.0  3620.0
15.0  3469.0
7.0  3452.0
26.0  3495.0
0.0  3561.0
27.0  3549.0
31.0  3499.0
5.0  3486.0
30.0  3497.0
2.0  3431.0
19.0  3544.0
45.0  3528.0
36.0  3525.0
25.0  3458.0
47.0  3474.0
18.0  3489.0
46.0  3491.0
38.0  3457.0
42.0  3468.0
43.0  3558.0
12.0  3442.0
34.0  3506.0
21.0  3448.0
49.0  3481.0
6.0  3451.0
9.0  3432.0
24.0  3521.0
4.0  3449.0
1.0  3464.0
10.0  4377.0
3.0  4496.0
13.0  4283.0
29.0  4283.0
22.0  4229.0
33.0  3439.0
23.0  3466.0
40.0  3455.0
44.0  3485.0
11.0  3490.0
32.0  3543.0
48.0  3517.0
8.0  3666.0
39.0  4312.0
35.0  4453.0
16.0  4417.0
